d5afe94e-488e-3a4d-ac23-de54a34db972: 3.89303335E7
c969ed92-dcb2-30d9-9c6e-707695dd3e7f: 4.866048E7
